750
1
4
7
17
387
138 144
125
11
13
14
43
19
23
22
9
60
75
34
275
5
21
33
38
48
110
139
87
211
41
29
39
81
45
83
50
35
70
98
56
189
28
90
314
16
454 461
73
135
208
136
161 169
25
77
100
24
89
300
42
276
103
63
113
92
111
112
74
78
196
149
106
202
109
154
145
140
62
576
3
164
176
132
203
216
120
127
174
121
148
179
166
181
141
122
187
178
142
328
197
184
217
229
212
143 147
213
222
219
201
245
210
225
235
286
194
209
167
258
688
260
205
193
159
230
233
239
272
301
274
309
283
251
228
241
254
277
261
282
267
247
177
292
192
299
186
294
279
316
284
334
302
312
287
313
232
317
352
325
360
342
362
364
323
305
356
255
265
516
268
170
320
281
349
311
296
278
357
351
107
340
450
326
348
303
379
389
240
416
315
332
354
370
298
333
319
234 238
404
329
347
421
433
361
396
411
367
439
393
381
308
358
425
374
377
346
378
406
423
441
435
420
442
500
429
430
462
467
451
468
440
412
436
453
509
497
483
31 44
446
391
397
502
460
533
431
508
400
293
472
473
369
486
488
463
457
504
491
626
479
477
485
480
604
514
489
507
207 223
561
456
526
554
559
505
536
539
506
546
532
499
550
515
569
597
606
551
493
530
380
663
567
448
596
541
519
669
611
540
220
602
555
574
549
575
584
565
648
592
614
570
538
640
645
588
997
594
613
556
591
605
867
520
610
557
644
812
629
650
641
560
623
646
654
679
693
621
656
678
718
638
706
639
647
616
642
680
742
712
702
687
531
649
655
671
704
719
652
658
667
682
727
724
627
713
764
741
725
907
723
728
730
672
708
729
690
745
707
738
786
732
371 376
733
736
677
756
899
754
694
722
792
779
739
692
772
836
747
807
761
768
755
198 204
743
746
787
691
771
757
777
815
921
775
748
906
839
790
842
830
821
802
767
799
804
827
829
878
734
852
823
820
766
784
831
874
811
843
822
951
803
819
778
923
826
889
776
880
791
850
877
890
855
785
848
845
851
849
859
922
865
864
869
887
863
917
976
942
944
895
12 20
893
986
948
844
905
931
971
939
896
936
809
37 49
860
780
955
994
900
962
924
26 27
969
104 108
870
970
938
925
935
875
888
966
983
32 40
950
908
959
914
30 88
854
926
978
52 55
954
886
913
992
998
972
964
18 51
933
989
64 71
2 8
10 15
987
61 65
54 59
963
0 6
68 80
975
79 85
84 91
36 46
47 67
53 57
58 72
93 99
66 76
95 101
69 82
96 102
97 105
114 118
131 150
115 123
180 188
343 344
137 153
86 94
152 162
116 119
117 129
124 130
151 156
128 134
146 155
126 133
231 236
172 182
200 218
190 242
157 160
158 163
175 183
185 191
168 173
165 171
206 214
253 259
244 250
226 243
221 227
246 252
263 266
237 249
257 262
195 199
269 273
215 224
280 289
288 297
248 256
337 341
290 304
271 285
264 270
383 388
310 327
295 318
407 413
331 338
291 307
306 321
324 336
350 365
335 339
363 372
322 330
394 401
437 447
353 368
345 355
359 366
395 399
375 386
385 392
373 382
403 409
402 405
398 408
414 422
418 438
417 419
426 428
410 415
384 390
464 470
466 471
424 443
474 511
445 452
432 444
449 458
455 469
475 478
459 465
542 553
481 513
484 492
427 434
495 498
496 524
501 525
503 517
487 522
494 518
482 490
523 534
529 537
476 521
535 543
512 528
544 547
564 572
552 566
568 581
510 527
603 615
545 562
558 571
573 579
582 612
585 589
577 580
548 563
598 601
593
659 661
595 599
608 619
586 590
664 670
600 607
662 665
624 651
617 620
622 643
632 657
752 760
634 637
587 609
635 660
628 631
630 653
703 716
720 735
633 636
695 698
668 675
673 681
758 763
676 684
717 726
797 800
683 686
578 583
685 697
709 715
749 751
689 701
710 721
696 700
699 714
666 674
737 744
953 982
750 753
782 788
762 770
705 711
731 740
769 774
759 765
783 795
801 813
798 808
806 814
816 847
781 793
837 840
794 796
817 825
882 894
805 810
824 833
773 789
853 858
828 835
985 995
857 873
818 832
841 856
911 929
618 625
862 872
928 937
934 943
868 879
892 903
940 947
876 885
915 918
881 891
884 898
901 904
838 846
866 871
916 920
919 930
883 897
834 861
941 946
949 960
927 932
956 973
909 912
961 984
945 952
968 988
902 910
980 993
958 965
967 981
957 977
974 990
979 991
996 999
